30 30
100
123.749252 -7.891507 -10.909718 -10.919718
2
2 2
4.000000
13 6 21 12
-1.000000
13 0 29 12
0.999638 1.502757 -0.305920 -9.416961
1
1 9
1.008203 1.083909 -0.490590 -8.698017
1
1 7
141.267059 1.011097 -0.541098 -9.239115
2
1 2
4.000000
8 6 16 12
-1.000000
0 0 16 12
-38.497181 -0.764221 0.550013 -8.689102
2
2 2
1.000000
5 0 11 5
-1.000000
11 5 17 10
0.968329 -0.666756 0.365690 -9.355858
1
1 6
-3087.195557 -0.338354 0.507979 -9.694212
2
0 2
4.000000
13 5 21 10
-1.000000
13 0 29 10
151.402115 0.368918 -0.422016 -9.325294
2
2 2
-1.000000
10 0 23 4
1.000000
10 8 23 12
12.271986 0.525841 -0.178041 -8.799453
2
2 2
-1.000000
23 9 29 14
1.000000
23 19 29 24
83.343102 -0.756817 0.268362 -8.531091
2
1 1
1.000000
26 3 30 11
142.434509 -0.614424 0.157013 -8.374078
2
1 1
1.000000
0 0 5 13
-47.370419 -0.324237 0.315797 -8.058281
2
0 2
1.000000
22 26 26 30
-1.000000
26 26 30 30
-24.372803 -0.507441 0.209135 -7.849146
2
1 2
-1.000000
13 1 18 9
1.000000
23 1 28 9
1325.996582 0.241136 -0.368338 -7.608010
2
0 2
1.000000
4 8 10 18
-1.000000
10 18 16 28
0.751351 0.134963 -0.673974 -8.281983
1
1 10
27.861715 0.188125 -0.467450 -8.093859
2
2 2
1.000000
14 5 22 9
-1.000000
22 9 30 13
4731.298340 -0.651521 0.262110 -7.831749
2
0 2
1.000000
10 7 20 17
-1.000000
0 17 10 27
-8.753704 -0.355056 0.139823 -7.691926
2
0 2
-1.000000
17 16 21 20
1.000000
17 24 21 28
35.590382 -0.616525 0.023440 -7.668486
2
2 1
1.000000
4 0 8 4
-5193.453125 0.054046 -2.782260 -7.614440
2
0 2
-1.000000
6 3 14 8
1.000000
22 3 30 8
19.313293 0.028872 -2.725519 -7.585568
2
1 1
1.000000
1 1 9 7
-360.920044 0.025449 -0.829114 -7.560119
2
2 2
4.000000
11 3 19 13
-1.000000
3 3 19 23
202.196426 0.173830 -0.519226 -7.386289
2
2 1
1.000000
3 18 28 23
-36.182571 -0.150342 0.282364 -7.103925
2
2 2
-1.000000
2 6 10 21
3.000000
2 11 10 16
0.951538 -0.349766 0.106328 -7.453691
1
1 6
3578.222656 -0.685165 0.075200 -7.378491
2
0 2
-1.000000
0 6 10 10
1.000000
20 6 30 10
27.129032 0.246364 -0.206823 -7.132127
2
1 1
1.000000
26 23 30 29
-162.824005 0.150717 -0.298547 -6.981410
2
0 2
1.000000
17 15 21 20
-1.000000
13 20 17 25
82.729538 -0.536910 0.022407 -6.959003
2
1 1
1.000000
23 2 27 10
-1623.519409 -0.246954 0.128422 -6.830581
2
0 2
4.000000
10 4 16 8
-1.000000
4 0 16 8
1.015232 0.156596 -0.304705 -7.135286
1
1 7
-72.049255 -0.282693 0.095518 -7.417979
2
2 2
-1.000000
9 9 22 24
3.000000
9 14 22 19
-13110.155273 0.132650 -2.372466 -7.285329
2
0 2
1.000000
10 13 20 21
-1.000000
20 21 30 29
0.895028 0.178298 -0.247796 -7.533125
1
1 2
-3780.097656 -0.040031 0.464523 -7.068603
2
0 2
-1.000000
7 5 22 11
3.000000
12 5 17 11
-2964.607178 -0.099745 0.239030 -7.168347
2
0 2
4.000000
1 19 14 27
-1.000000
1 11 27 27
980.328735 -0.527804 0.022216 -7.146132
2
2 2
1.000000
3 7 28 17
-1.000000
3 17 28 27
1.063270 -0.930376 0.125711 -7.020421
1
1 7
3130.030029 -0.565109 0.004061 -7.016359
2
0 2
4.000000
12 12 18 17
-1.000000
6 12 18 22
4798.554199 0.622322 -0.027447 -7.043807
2
0 2
-1.000000
6 9 22 13
1.000000
6 17 22 21
-37548.542969 0.050501 -1.666102 -6.993306
2
0 2
4.000000
16 0 29 13
-1.000000
3 0 29 26
-74.485626 -0.336855 0.000000 -6.993306
2
2 2
4.000000
20 9 26 15
-1.000000
14 3 26 15
0.997056 0.291870 -0.066990 -7.060296
1
1 12
-26224.837891 0.068172 -2.307560 -6.992124
2
0 2
4.000000
17 6 30 12
-1.000000
4 0 30 12
109.103737 0.009915 -0.543481 -6.982209
2
1 1
1.000000
22 16 30 29
0.989212 -1.780049 -0.065589 -7.047798
1
1 2
8854.774414 -1.086387 0.060304 -6.987494
2
0 2
1.000000
8 2 18 10
-1.000000
18 10 28 18
-7775.937012 0.032518 -2.426015 -6.954976
2
0 2
1.000000
1 0 14 6
-1.000000
14 6 27 12
1601.393311 0.208695 -0.099770 -7.054746
2
0 2
1.000000
0 11 25 15
-1.000000
0 15 25 19
831.809814 2.038769 0.016392 -7.038353
2
2 2
1.000000
15 19 28 23
-1.000000
2 23 15 27
1.094916 -2.276938 0.031702 -7.246096
1
1 7
-143.316071 0.042378 -0.301045 -7.203718
2
0 2
1.000000
13 18 18 22
-1.000000
13 22 18 26
-6773.206543 -0.011858 -1.752027 -7.215576
2
0 2
4.000000
5 0 10 5
-1.000000
0 0 10 10
1.008288 -0.044487 0.390043 -7.260063
1
1 7
-6077.947266 0.105125 -0.434949 -7.154938
2
0 2
-1.000000
4 1 14 6
1.000000
4 11 14 16
-730.283691 -0.038227 0.289517 -7.193165
2
0 2
1.000000
22 8 30 14
-1.000000
14 14 22 20
-5119.546875 0.055961 -2.266300 -7.137204
2
0 2
-1.000000
0 21 6 25
1.000000
12 21 18 25
18565.410156 -2.359249 -0.052115 -7.189319
2
0 2
4.000000
23 20 29 28
-1.000000
17 12 29 28
596.638184 -0.173244 0.120348 -7.068971
2
2 1
1.000000
5 6 11 19
-3610.000244 -0.123562 0.353900 -6.715071
2
0 2
-1.000000
4 25 10 30
1.000000
16 25 22 30
-7.280278 -0.376713 -0.022214 -6.737285
2
2 2
4.000000
10 0 20 4
-1.000000
0 0 20 8
-5498.236816 -0.208367 0.122950 -6.775894
2
0 2
4.000000
6 16 11 29
-1.000000
1 3 11 29
1576.854370 -0.332716 0.062185 -6.713709
2
0 2
1.000000
12 9 20 15
-1.000000
4 15 12 21
0.649998 0.166199 -0.649001 -6.547510
1
1 9
133.727097 0.063254 0.467257 -6.322697
2
1 2
4.000000
8 6 16 12
-1.000000
0 0 16 12
2985.494385 0.895880 -0.048438 -6.371135
2
0 2
1.000000
9 4 13 9
-1.000000
5 9 9 14
16.231672 -0.028830 0.384856 -6.157521
2
2 1
1.000000
12 26 17 30
3013.376221 1.429511 0.015858 -5.970421
2
0 2
1.000000
5 21 10 25
-1.000000
0 25 5 29
3546.880127 -0.834139 -0.080482 -6.050903
2
0 2
1.000000
6 4 10 10
-1.000000
10 10 14 16
-3385.379150 -0.129199 0.298629 -6.180102
2
0 2
-1.000000
11 7 26 12
3.000000
16 7 21 12
82.298424 -0.017254 -0.766605 -6.197356
2
2 1
1.000000
10 0 14 13
-5706.359375 0.001016 -1.491577 -6.196340
2
0 2
1.000000
3 0 28 6
-1.000000
3 6 28 12
-48.555725 -0.190875 0.106264 -6.387215
2
1 2
-1.000000
15 6 30 12
1.000000
20 0 25 18
122.845833 0.113303 0.838012 -6.273912
2
2 2
4.000000
13 6 21 12
-1.000000
13 0 29 12
-30.194689 0.001308 -0.499028 -6.272604
2
2 2
-1.000000
7 0 22 4
3.000000
12 0 17 4
6055.411133 -1.068943 -0.043935 -6.316539
2
0 2
-1.000000
2 5 7 13
1.000000
2 21 7 29
-16740.337891 0.053795 -0.838548 -6.262744
2
0 2
-1.000000
11 5 23 29
9.000000
15 13 19 21
1887.356323 0.283842 -0.007253 -6.269997
2
0 2
1.000000
0 5 4 13
-1.000000
0 13 4 21
0.996585 0.265797 -0.070154 -6.004200
1
1 3
-3080.563477 0.254560 -0.026663 -5.749640
2
0 2
4.000000
13 5 21 10
-1.000000
13 0 29 10
-14415.060547 -0.041831 -1.395583 -5.791471
2
0 2
-1.000000
2 6 18 14
1.000000
2 22 18 30
10910.547852 -1.039721 0.041990 -5.749481
2
0 2
4.000000
26 16 30 26
-1.000000
22 6 30 26
-21.191423 0.000530 -0.559983 -5.748951
2
2 2
-1.000000
26 3 30 8
1.000000
26 13 30 18
-3864.583740 -0.034908 0.299235 -5.567397
2
0 2
-1.000000
7 8 22 14
3.000000
12 8 17 14
27.133419 0.020545 -0.381070 -5.546852
2
1 1
1.000000
0 0 4 8
313.349304 -0.334227 0.037146 -5.509706
2
2 2
1.000000
8 15 24 20
-1.000000
8 20 24 25
-10653.227539 -0.016975 0.344201 -5.508785
2
0 2
4.000000
2 4 12 14
-1.000000
2 4 22 24
-4505.933594 -0.336804 -0.051424 -5.560209
2
0 2
-1.000000
0 12 30 30
9.000000
10 18 20 24
-5301.780762 0.184196 -0.825130 -5.376013
2
0 2
4.000000
20 0 28 4
-1.000000
12 0 28 8
-28.981718 -0.117766 0.137777 -5.393994
2
2 2
1.000000
17 14 21 30
-1.000000
21 14 25 30
32.577713 -0.267287 0.050410 -5.505523
2
1 1
1.000000
3 7 7 11
-18896.189453 0.100518 -2.055437 -5.405005
2
0 2
1.000000
15 3 21 28
-1.000000
21 3 27 28
-131.940704 -0.068500 0.210302 -5.311566
2
2 2
-1.000000
0 19 10 25
1.000000
20 19 30 25
-3373.216797 -0.055396 0.403546 -5.366962
2
0 2
-1.000000
11 9 26 13
3.000000
16 9 21 13
-2217.578125 -0.004738 0.443543 -5.371700
2
0 2
1.000000
1 26 11 30
-1.000000
11 26 21 30
17789.451172 -2.131340 0.025176 -5.346524
2
0 2
4.000000
21 13 29 19
-1.000000
13 7 29 19
-1822.145630 -0.019825 0.296428 -5.050096
2
0 2
1.000000
0 7 5 15
-1.000000
0 15 5 23
-671.573608 0.038220 -0.248306 -5.011876
2
0 2
1.000000
16 10 20 20
-1.000000
20 20 24 30
-438.180267 -0.270220 -0.013575 -5.025451
2
0 2
1.000000
10 26 20 30
-1.000000
20 26 30 30
-4499.030762 -0.074957 0.390079 -5.000000
2
0 2
4.000000
4 16 8 21
-1.000000
0 11 8 21
-2.000000
