30 30
100
163.760986 -7.721137 -11.188662 -11.198662
2
2 1
1.000000
10 5 20 13
38.992180 -3.813285 1.084177 -10.114485
2
3 1 1
1.000000
25 4 30 10
0.092060 1.037317 -0.995473 -9.077168
2
3 2 1
-1.000000
2 8 7 13
1.000000
12 8 17 13
0.996670 1.091641 -0.537658 -7.985527
1
2 9
-48.928120 -0.930634 0.635500 -8.916161
2
2 2
1.000000
6 0 26 5
-1.000000
6 5 26 10
-0.434530 -0.898461 0.563184 -8.352977
2
3 2 1
-1.000000
13 8 18 18
1.000000
23 8 28 18
114.888435 -3.484895 0.419315 -7.933662
2
3 2 1
-1.000000
4 9 19 14
3.000000
9 9 14 14
0.153111 0.427553 -0.638111 -7.506109
2
3 2 1
-1.000000
6 11 24 16
1.000000
12 6 18 21
0.765518 0.357899 -0.686085 -8.192194
1
1 10
-575.708801 -2.114025 0.232823 -7.959371
2
3 2 0
1.000000
9 0 22 13
-1.000000
9 13 22 26
24.253643 0.261456 -0.578680 -7.697915
2
1 2
1.000000
14 6 22 10
-1.000000
22 6 30 10
0.075581 0.252329 -0.399697 -7.445586
2
3 2 1
-1.000000
8 11 20 16
1.000000
12 6 16 21
17.104132 0.060360 -3.122083 -7.385226
2
3 2 1
4.000000
13 10 17 14
-1.000000
9 10 17 18
134.110916 0.251108 -0.388535 -7.773761
2
2 2
4.000000
9 6 14 12
-1.000000
4 0 14 12
23.371161 -0.786718 0.126372 -7.647389
2
3 1 1
1.000000
3 0 28 4
0.056295 -0.705900 0.097916 -7.549473
2
3 2 1
1.000000
13 13 19 18
-1.000000
13 18 19 23
146.561234 -1.636682 -0.035319 -7.584792
2
3 2 1
4.000000
9 22 14 26
-1.000000
9 22 19 30
0.888549 0.237806 -0.341548 -7.926340
1
4 2
-0.425987 0.133673 -0.532222 -7.792667
2
3 2 1
1.000000
8 14 16 22
-1.000000
0 22 8 30
-1.292080 0.165593 -0.457498 -7.627074
2
3 2 1
1.000000
14 7 18 12
-1.000000
14 12 18 17
-3.463840 0.126781 -1.377096 -7.500293
2
3 2 1
-1.000000
8 22 20 26
1.000000
12 18 16 30
0.281915 0.135945 -0.377162 -7.364348
2
3 2 1
1.000000
10 8 20 13
-1.000000
0 13 10 18
8591.645508 -2.661505 0.026747 -7.337601
2
3 1 0
1.000000
8 26 18 30
2698.821777 0.032972 -2.439503 -7.304629
2
3 1 0
1.000000
8 10 24 14
-14.374707 0.046567 -2.602003 -7.258062
2
3 2 1
4.000000
0 18 8 22
-1.000000
0 18 16 26
0.883159 0.139066 -0.315508 -7.573570
1
1 2
-0.227928 0.094057 -0.506499 -7.479513
2
3 2 1
1.000000
15 17 21 22
-1.000000
21 22 27 27
-0.206453 0.138190 -0.289725 -7.341323
2
3 2 1
1.000000
10 20 20 25
-1.000000
10 25 20 30
0.000245 -0.445283 0.018619 -7.322704
2
3 2 1
1.000000
10 13 15 18
-1.000000
10 18 15 23
818.180481 0.158988 -0.174281 -7.163716
2
0 2
1.000000
12 1 17 5
-1.000000
12 5 17 9
1.008299 0.107359 -0.259634 -7.056357
1
1 7
-1913.379517 0.059532 -0.670649 -6.996825
2
3 2 0
1.000000
13 10 17 20
-1.000000
13 20 17 30
4608.853027 -2.576646 0.020552 -6.976273
2
3 1 0
1.000000
21 6 26 11
-1.378913 0.008393 0.776519 -6.967880
2
3 2 1
-1.000000
4 19 19 23
1.000000
9 15 14 27
-8730.997070 0.152650 -0.248752 -6.815230
2
3 2 0
4.000000
11 0 17 13
-1.000000
5 0 17 26
-0.478751 0.152861 -0.185689 -6.662369
2
3 2 1
1.000000
9 8 19 13
-1.000000
9 13 19 18
-22.869120 -0.048130 -2.495216 -6.710499
2
3 2 1
-1.000000
11 17 17 23
1.000000
23 17 29 23
11822.488281 -1.111771 0.064719 -6.645780
2
3 1 0
1.000000
4 7 12 15
252.337143 0.016362 -0.566743 -6.629417
2
2 1
1.000000
3 19 28 27
7428.571289 -0.552731 0.037746 -6.721269
2
0 2
-1.000000
3 1 27 25
2.666667
9 1 21 19
0.651006 0.029841 -0.738271 -6.691428
1
1 12
-723.322144 0.093030 -0.378766 -6.598398
2
0 2
1.000000
11 18 19 22
-1.000000
11 22 19 26
-3095.761230 -0.001211 -2.287355 -6.599609
2
0 2
1.000000
9 2 22 7
-1.000000
9 7 22 12
11941.733398 -2.381087 -0.014365 -6.613975
2
3 1 0
1.000000
11 6 21 12
189.899429 -2.470821 0.008010 -6.605965
2
3 2 1
4.000000
12 21 22 26
-1.000000
2 16 22 26
4.902270 -0.343658 0.097680 -6.508285
2
3 2 1
1.000000
10 20 14 28
-1.000000
14 20 18 28
-15967.541992 -0.002184 -0.850857 -6.510468
2
0 2
-1.000000
9 0 22 30
3.000000
9 10 22 20
-2.520101 -0.023631 0.700980 -6.534100
2
3 2 1
-1.000000
7 20 25 25
1.000000
13 15 19 30
109.067398 -2.003667 -0.040486 -6.574585
2
3 2 1
4.000000
1 1 6 5
-1.000000
1 1 11 9
39.164665 0.279808 -0.040971 -6.615556
2
2 2
-1.000000
0 15 25 19
1.000000
0 23 25 27
-320.867310 -0.057282 0.195460 -6.672838
2
2 2
4.000000
22 2 26 15
-1.000000
18 2 26 28
0.143777 -0.058659 0.305953 -6.731497
2
3 2 1
-1.000000
6 11 24 16
1.000000
12 6 18 21
-39.895710 -0.217462 0.082253 -6.649244
2
1 2
4.000000
3 0 9 5
-1.000000
3 0 15 10
3.336924 -1.115855 0.016315 -6.632929
2
3 2 1
1.000000
14 15 18 19
-1.000000
14 19 18 23
-0.130290 0.150321 -0.112579 -6.482608
2
3 2 1
1.000000
11 19 21 23
-1.000000
11 23 21 27
26.135921 0.050151 -0.384479 -6.867087
2
3 2 1
4.000000
14 9 18 13
-1.000000
14 9 22 17
0.027435 0.178945 -0.126789 -6.688142
2
3 2 1
1.000000
11 19 15 23
-1.000000
15 23 19 27
0.990714 0.185539 -0.083690 -6.642235
1
1 3
-93.529732 -0.032716 0.271316 -6.535319
2
2 2
-1.000000
0 18 30 24
1.000000
10 12 20 30
5.659070 0.065071 -1.584843 -6.470248
2
3 1 1
1.000000
4 17 24 30
11164.361328 -2.322196 0.002728 -6.467520
2
3 1 0
1.000000
16 17 20 30
11733.348633 -0.572913 0.007082 -6.460438
2
0 2
-1.000000
3 0 28 30
3.000000
3 10 28 20
-14.360158 -0.010181 -2.203360 -6.470619
2
3 2 1
4.000000
22 21 30 26
-1.000000
14 16 30 26
-0.011980 0.153709 -0.082095 -6.316910
2
3 2 1
1.000000
15 8 19 13
-1.000000
15 13 19 18
0.897547 -0.817878 0.033524 -6.283386
2
3 2 1
1.000000
2 8 22 18
-1.000000
2 18 22 28
8094.718750 -2.209420 -0.003831 -6.287217
2
3 1 0
1.000000
8 8 18 12
13209.304688 -2.124248 -0.037166 -6.324383
2
0 2
4.000000
2 17 8 23
-1.000000
2 17 14 29
0.310245 0.053113 -0.399804 -6.271270
1
1 1
983.031616 -0.114565 0.119972 -6.221435
2
3 2 0
-1.000000
24 4 30 12
1.000000
24 20 30 28
-0.508985 0.049144 -0.362249 -6.172291
2
3 2 1
1.000000
14 10 19 20
-1.000000
19 20 24 30
1.203911 -0.041824 0.241643 -6.143978
2
3 2 1
-1.000000
6 1 22 7
1.000000
6 13 22 19
332.978577 -0.339186 0.047505 -6.096473
2
2 2
-1.000000
8 9 24 24
3.000000
8 14 24 19
-0.049040 -0.013592 0.299916 -6.110065
2
3 2 1
-1.000000
8 11 20 16
1.000000
12 6 16 21
-2.298580 -0.004555 -1.412387 -6.114620
2
3 2 1
-1.000000
8 9 28 15
1.000000
8 21 28 27
84.659821 0.022220 -0.254412 -6.092400
2
1 1
1.000000
10 10 16 15
70.550552 -0.278334 0.074120 -6.018280
2
3 2 1
-1.000000
13 11 19 23
3.000000
13 15 19 19
386.038757 -1.180427 -0.025438 -6.043718
2
3 2 1
-1.000000
11 4 23 19
9.000000
15 9 19 14
-214.220520 -0.102469 0.108163 -5.935555
2
0 2
-1.000000
9 16 21 21
1.000000
13 11 17 26
99.969711 0.601101 -0.030593 -5.966148
2
3 2 1
4.000000
23 4 27 14
-1.000000
19 4 27 24
0.986007 0.152010 -0.073741 -5.826559
1
0 12
0.387511 0.012648 -0.504369 -5.813910
2
3 2 1
-1.000000
6 0 22 5
1.000000
6 10 22 15
-12.494778 0.007668 -2.255430 -5.806242
2
3 2 1
1.000000
9 4 22 17
-1.000000
9 17 22 30
3356.092773 -2.138333 -0.005135 -5.811378
2
3 2 0
1.000000
3 0 28 4
-1.000000
3 4 28 8
0.947391 -0.214414 0.065289 -5.746089
1
2 10
0.261892 0.348762 -0.008580 -5.754669
2
3 2 1
1.000000
13 17 18 22
-1.000000
13 22 18 27
9.229859 0.254927 -0.054739 -5.809408
2
3 2 1
-1.000000
8 1 24 6
1.000000
8 11 24 16
0.101633 -0.026621 0.573234 -5.836029
2
3 2 1
-1.000000
2 8 7 13
1.000000
12 8 17 13
-9.482275 0.050888 -1.965913 -5.785141
2
3 2 1
4.000000
1 21 11 29
-1.000000
1 13 21 29
12257.174805 0.739205 -0.038278 -5.823419
2
3 2 0
-1.000000
8 9 20 27
9.000000
12 15 16 21
165.768967 -0.016395 1.155818 -4.798954
2
2 1
1.000000
10 5 20 13
-0.513211 -0.001835 -0.349492 -4.800788
2
3 2 1
1.000000
9 17 17 23
-1.000000
1 23 9 29
2620.555420 -0.161569 0.095714 -4.831005
2
0 2
-1.000000
3 1 27 25
2.666667
9 1 21 19
25.598457 0.047060 -1.965913 -4.783945
2
1 1
1.000000
12 0 20 8
4.945874 2.079442 -0.011772 -4.795717
2
3 2 1
1.000000
12 11 28 17
-1.000000
12 17 28 23
-38848.460938 -0.008349 -2.063567 -4.804066
2
0 2
4.000000
16 2 29 15
-1.000000
3 2 29 28
17292.175781 -0.000603 -2.021526 -4.804669
2
3 1 0
1.000000
6 12 26 28
-0.013379 -0.440600 0.012966 -4.791703
2
3 2 1
1.000000
10 13 26 17
-1.000000
10 17 26 21
-6559.026367 0.060690 -0.537758 -4.731013
2
3 2 0
1.000000
4 6 24 11
-1.000000
4 11 24 16
0.994081 0.108439 -0.109322 -4.840335
1
4 12
-10044.705078 0.000201 -1.965913 -5.000000
2
3 2 0
1.000000
6 8 26 14
-1.000000
6 14 26 20
-2.000000
